#Number of Scenarios
3000

#Rate
0.0241

#Num MMFs
9

#MMFs
AE1 AE2 AE3 A B C D E F

#Sucessors
Elements:
AE1: A
A:  B
B: C
C: 
AE2: D
D: E
E: 
AE3: F
F: 

#SimulationFlag
TRIANGULAR

#Periods
16

#Value Periodos
Values:
AE1: -160,-200,-220 0,0,0 0,0,0 0,0,0 0,0,0 0,0,0 0,0,0 0,0,0 0,0,0 0,0,0 0,0,0 0,0,0 0,0,0 0,0,0 0,0,0 0,0,0
A: -160,-200,-220 72,90,99 52.56,65.7,72.27 38.3688,47.961,52.7571 28.009224,35.01153,38.512683 20.44673352,25.5584169,28.11425859 14.9261154696,18.657644337,20.5234087707 10.896064292808,13.62008036601,14.982088402611 7.95412693374984,9.9426586671873,10.936924533906 5.80651266163738,7.25814082704673,7.9839549097514 4.23875424299529,5.29844280374411,5.82828708411852 3.09429059738656,3.8678632467332,4.25464957140652 2.25883213609219,2.82354017011524,3.10589418712676 1.6489474593473,2.06118432418412,2.26730275660254 1.20373164532353,1.50466455665441,1.65513101231985 0.878724101086175,1.09840512635772,1.20824563899349
B: -320,-400,-440 72,90,99 77.544,96.93,106.623 83.514888,104.39361,114.832971 89.945534376,112.43191797,123.675109767 96.871340522952,121.08917565369,133.198093219059 104.330433743219,130.413042179024,143.454346396926 112.363877141447,140.454846426809,154.50033106949 121.015895681339,151.269869601673,166.396856561841 130.334119648802,162.917649561002,179.209414517102 140.369846861759,175.462308577199,193.008539434919 151.178325070115,188.972906337644,207.870196971408 162.819056100514,203.523820125642,223.876202138206 175.356123420253,219.195154275317,241.114669702848 188.858544923613,236.073181154516,259.680499269967 203.400652882731,254.250816103414,279.675897713755
C: -320,-400,-440 64,80,88 70.66176,88.3272,97.15992 78.0169425984,97.521178248,107.2732960728 86.1377261534675,107.672157691834,118.439373461018 95.1038020687819,118.879752585977,130.767727844575 105.003156826121,131.253946032652,144.379340635917 115.932935420152,144.91616927519,159.40778620271 128.000394668036,160.000493335045,176.00054266855 141.323955749032,176.65494468629,194.320439154919 156.034366302949,195.042957878686,214.547253666554 172.275983491423,215.344979364278,236.879477300706 190.208190613045,237.760238266306,261.536262092937 210.006961173957,262.508701467446,288.75957161419 231.866585762554,289.833232203192,318.816555423511 256.001578674578,320.001973343222,352.002170677545
AE2: -320,-400,-440 0,0,0 0,0,0 0,0,0 0,0,0 0,0,0 0,0,0 0,0,0 0,0,0 0,0,0 0,0,0 0,0,0 0,0,0 0,0,0 0,0,0 0,0,0
D: -400,-500,-550 36,45,49.5 39.74724,49.68405,54.652455 43.8845302116,54.8556627645,60.34122904095 48.4524709613254,60.5655887016568,66.6221475718225 53.4958886636898,66.8698608296123,73.5568469125735 59.0642757146933,73.8303446433666,81.2133791077033 65.2122761738357,81.5153452172946,89.6668797390241 72.0002220007703,90.0002775009628,99.0003052510591 79.4947251088305,99.3684063860381,109.305247024642 87.7693310454086,109.711663806761,120.682830187437 96.9052407139252,121.131550892406,133.244705981647 106.992107219838,133.740134024797,147.114147427277 118.128915660351,147.661144575438,162.427259032982 130.424954491436,163.031193114296,179.334312425725 144.00088800445,180.001110005563,198.001221006119
E: -560,-700,-770 28,35,38.5 32.175276,40.219095,44.2410045 36.973156631292,46.216445789115,50.8380903680265 42.4864828286804,53.1081035358504,58.4189138894355 48.8219396886447,61.0274246108059,67.1301670718864 56.1021208691963,70.1276510864954,77.1404161951449 64.4679008268483,80.5848760335603,88.6433636369164 74.0811607944454,92.6014509930567,101.861596092362 85.1279212486307,106.409901560788,117.050891716867 97.8219414814628,122.277426851828,134.505169537011 112.408855929354,140.511069911693,154.562176902862 129.170927298972,161.463659123714,177.610025036086 148.432508465012,185.540635581265,204.094699139392 170.566318829789,213.207898537237,234.528688390961 196.000656594731,245.000820743414,269.500902817755
AE3: -160,-200,-220 0,0,0 0,0,0 0,0,0 0,0,0 0,0,0 0,0,0 0,0,0 0,0,0 0,0,0 0,0,0 0,0,0 0,0,0 0,0,0 0,0,0 0,0,0
F: -160,-200,-220 72,90,99 74.11572,92.64465,101.909115 76.2936104322,95.36701304025,104.903714344275 78.5354981747502,98.1693727184377,107.986309990282 80.8432637886152,101.054079735769,111.159487709346 83.2188430950437,104.023553868805,114.425909255685 85.6642287993916,107.080285999239,117.788314599163 88.1814721626617,110.226840203327,121.24952422366 90.7726847221615,113.465855902702,124.812441492972 93.4400400627222,116.800050078403,128.480055086243 96.1857756399653,120.232219549957,132.255441504952 99.0121946571457,123.765243321432,136.141767653575 101.921667997146,127.402084996432,140.142293496076 104.916636211242,131.145795264053,144.260374790458 107.999611566309,134.999514457887,148.499465903675



#EndOfFile