#Number of Scenarios
1

#Rate
0.0241

#Num MMFs
9

#MMFs
AE1 AE2 AE3 A B C D E F

#Sucessors
Elements:
AE1: A
A:  B
B: C
C: 
AE2: D
D: E
E: 
AE3: F
F: 

#SimulationFlag
CONSTANT

#Periods
16

#Value Periodos
Values:
AE1: -200 0 0 0 0 0 0 0 0 0 0 0 0 0 0 0
A: -200 90 65.7 47.961 35.01153 25.5584169 18.65764434 13.62008037 9.942658667 7.258140827 5.298442804 3.867863247 2.82354017 2.061184324 1.504664557 1.098405126
B: -400 90 96.93 104.39361 112.431918 121.0891757 130.4130422 140.4548464 151.2698696 162.9176496 175.4623086 188.9729063 203.5238201 219.1951543 236.0731812 254.2508161
C: -400 80 88.3272 97.52117825 107.6721577 118.8797526 131.253946 144.9161693 160.0004933 176.6549447 195.0429579 215.3449794 237.7602383 262.5087015 289.8332322 320.0019733
AE2: -400 0 0 0 0 0 0 0 0 0 0 0 0 0 0 0
D: -500 45 49.68405 54.85566276 60.5655887 66.86986083 73.83034464 81.51534522 90.0002775 99.36840639 109.7116638 121.1315509 133.740134 147.6611446 163.0311931 180.00111
E: -700 35 40.219095 46.21644579 53.10810354 61.02742461 70.12765109 80.58487603 92.60145099 106.4099016 122.2774269 140.5110699 161.4636591 185.5406356 213.2078985 245.0008207
AE3: -200 0 0 0 0 0 0 0 0 0 0 0 0 0 0 0
F: -200 90 92.64465 95.36701304 98.16937272 101.0540797 104.0235539 107.080286 110.2268402 113.4658559 116.8000501 120.2322195 123.7652433 127.402085 131.1457953 134.9995145



#EndOfFile