#Number of Scenarios
1

#Rate
0.01

#Num MMFs
9

#MMFs
AE1 AE2 AE3 A B C D E F

#Sucessors
Elements:
AE1: A
A:  B
B: C
C: 
AE2: D
D: E
E: 
AE3: F
F: 

#SimulationFlag
CONSTANT

#Periods
16

#Value Periodos
Values:
AE1: -200 0 0 0 0 0 0 0 0 0 0 0 0 0 0 0
A: -200 90 90 81 72 63 54 45 36 27 18 9 0 0 0 0
B: -200 -200 90 117 144 171 198 255 255 255 255 255 255 255 255 255
C: -200 -200 80 112 144 176 208 240 272 304 320 320 320 320 320 320
AE2: -400 0 0 0 0 0 0 0 0 0 0 0 0 0 0 0
D: -250 -250 45 72 90 108 126 144 162 180 180 180 180 180 180 180
E: -350 -350 35 70 105 140 175 210 245 245 245 245 245 245 245 245
AE3: -200 0 0 0 0 0 0 0 0 0 0 0 0 0 0 0
F: -100 -100 90 90 135 135 135 135 135 135 135 135 135 135 135 135


#EndOfFile