#Number of Scenarios
1000

#Rate
0.0241

#Num MMFs
5

#MMFs
A B C D E

#Sucessors
Elements:
A: B
B: C
C: 
D: E
E: 

#SimulationFlag
TRIANGULAR

#Periods
8

#Value Periodos
Values:
A: -100,-120,-150 80,81,82 81,82,83 82,83,84 83,84,85 84,85,86 85,86,87 86,87,88
B: -50,-80,-100 100,101,102 102,103,104 104,105,106 106,107,108 108,109,110 110,111,112 112,113,114
C: -200,-250,-300 75,76,77 76,77,78 77,78,79 78,79,80 79,80,81 80,81,82 81,82,83
D: -70,-75,-80 90,100,110 100,102,105 100,104,110 100,106,120 90,108,110 100,110,120 110,112,114
E: -90,-100,-110 60,70,80 61,71,81 62,72,82 63,73,83 64,74,84 65,75,85 66,76,86

#EndOfFile