#Number of Scenarios
1

#Rate
0.0241

#Num MMFs
5

#MMFs
A B C D E

#Sucessors
Elements:
A: B
B: C
C: 
D: E
E: 

#SimulationFlag
TRIANGULAR

#Periods
8

#Value Periodos
Values:
A: -100,-100,-100 80,80,80 81,81,81 82,82,82 83,83,83 84,84,84 85,85,85 86,86,86
B: -50,-50,-50 100,100,100 102,102,102 104,104,104 106,106,106 108,108,108 110,110,110 112,112,112
C: -200,-200,-200 75,75,75 76,76,76 77,77,77 78,78,78 79,79,79 80,80,80 81,81,81
D: -75,-75,-75 100,100,100 102,102,102 104,104,104 106,106,106 108,108,108 110,110,110 112,112,112,
E: -100,-100,-100 60,60,60 61,61,61 62,62,62 63,63,63 64,64,64 65,65,65 66,66,66

#EndOfFile